2 
724 
318 
1165 
151 
1225 
705 
1430 
882 
103 
777 
945 
669 
1285 
213 
344 
531 
60 
825 
421 
1030 
323 
441 
849 
214 
1660 
128 
1618 
1214 
1128 
1709 
500 
1017 
364 
926 
1057 
1010 
257 
1222 
778 
1455 
774 
301 
446 
1720 
460 
148 
782 
761 
431 
1654 
1414 
868 
1695 
727 
721 
366 
384 
944 
991 
1070 
429 
612 
470 
341 
686 
190 
627 
737 
439 
265 
1405 
571 
161 
474 
496 
748 
479 
109 
1307 
1731 
211 
887 
1669 
1770 
110 
1589 
842 
1719 
838 
937 
420 
324 
1711 
1136 
46 
358 
1068 
436 
1789 
563 
1700 
539 
444 
1639 
57 
738 
1541 
1221 
1694 
1717 
1189 
1172 
371 
184 
1250 
1228 
338 
78 
137 
1722 
1777 
1090 
59 
1488 
1280 
221 
1036 
966 
1619 
486 
1712 
1767 
388 
1663 
8 
585 
122 
906 
1152 
1441 
61 
423 
1737 
1322 
1683 
1258 
118 
1470 
1431 
584 
385 
345 
1137 
1560 
1312 
856 
1369 
528 
1436 
998 
1548 
1710 
91 
609 
127 
1170 
916 
1676 
1581 
339 
1051 
1053 
895 
823 
673 
843 
467 
1254 
1401 
570 
100 
1459 
1703 
1553 
1080 
649 
650 
1354 
1661 
107 
1576 
666 
307 
68 
547 
5 
1048 
465 
336 
408 
1460 
1002 
515 
967 
1779 
185 
452 
81 
1513 
186 
1582 
1568 
505 
750 
1667 
179 
1751 
628 
1215 
1629 
734 
870 
1246 
914 
1645 
399 
1718 
92 
477 
409 
1102 
853 
485 
271 
24 
1371 
1445 
235 
483 
599 
277 
1462 
702 
382 
643 
1356 
1748 
1259 
442 
1749 
178 
840 
1013 
403 
1219 
312 
789 
511 
1682 
1218 
749 
1426 
1171 
1067 
580 
1368 
1234 
1517 
231 
1005 
285 
157 
387 
812 
27 
189 
667 
306 
560 
1325 
701 
684 
634 
1705 
934 
1326 
1435 
839 
462 
1501 
1601 
1143 
1538 
1393 
298 
829 
617 
83 
1141 
334 
644 
878 
1499 
986 
583 
1642 
279 
939 
618 
1205 
158 
295 
630 
1652 
784 
1723 
985 
1107 
1597 
568 
1744 
1714 
871 
833 
559 
814 
963 
1640 
1562 
603 
386 
1027 
709 
267 
1753 
232 
1583 
425 
1429 
142 
848 
925 
240 
1337 
1262 
1512 
860 
1492 
1305 
164 
1622 
955 
313 
1544 
1472 
1077 
1178 
319 
911 
908 
1293 
210 
865 
677 
806 
759 
900 
907 
632 
13 
1590 
1391 
1656 
188 
678 
883 
1301 
273 
112 
1038 
976 
1739 
1509 
38 
22 
330 
1653 
1482 
1269 
361 
1687 
1422 
1524 
975 
582 
1159 
1406 
910 
398 
524 
534 
1377 
1092 
120 
776 
1041 
763 
413 
1417 
1130 
595 
404 
1454 
798 
622 
952 
1734 
509 
513 
569 
355 
688 
1255 
237 
289 
1022 
281 
253 
1261 
478 
636 
886 
360 
264 
544 
754 
1675 
1062 
1127 
1045 
1607 
450 
520 
130 
1584 
1268 
507 
629 
820 
156 
1624 
1131 
1559 
503 
1569 
822 
1132 
1049 
1298 
522 
104 
1212 
1442 
489 
1193 
662 
1761 
631 
1386 
42 
958 
12 
519 
1451 
1443 
729 
199 
447 
146 
139 
1689 
867 
633 
679 
276 
732 
890 
368 
326 
552 
1264 
1034 
504 
1495 
286 
792 
1192 
1135 
1224 
1329 
115 
1390 
249 
233 
1342 
968 
3 
802 
837 
141 
638 
166 
1606 
1613 
1678 
1288 
495 
1672 
602 
440 
691 
327 
1229 
665 
1191 
1083 
1349 
473 
1323 
282 
735 
956 
65 
884 
296 
1729 
1697 
1006 
14 
680 
1098 
1514 
775 
1515 
102 
1444 
1685 
1058 
1447 
913 
523 
1016 
537 
768 
646 
280 
526 
1321 
28 
198 
1145 
1452 
1474 
832 
987 
1328 
1404 
1575 
841 
1791 
274 
565 
1310 
949 
1306 
1082 
764 
1626 
1239 
1646 
1684 
755 
1292 
1724 
1099 
1490 
807 
74 
1407 
67 
920 
1311 
434 
851 
1540 
785 
541 
817 
1535 
1339 
1320 
381 
664 
1198 
640 
89 
554 
1232 
1657 
1674 
1409 
625 
1786 
744 
400 
1425 
1528 
376 
1179 
1248 
1208 
1609 
1641 
501 
605 
719 
1434 
1595 
1707 
428 
101 
1341 
656 
1511 
642 
357 
1690 
1015 
508 
378 
1580 
1473 
813 
113 
1651 
254 
269 
918 
1692 
464 
811 
535 
897 
1313 
1732 
1340 
783 
1573 
1183 
6 
225 
300 
152 
1167 
432 
1265 
1631 
994 
715 
1149 
1778 
556 
154 
1398 
1385 
1029 
476 
1352 
1467 
76 
1740 
801 
1078 
1578 
143 
663 
1059 
1526 
1384 
1297 
346 
255 
1534 
311 
959 
1586 
1600 
1286 
278 
1745 
121 
948 
591 
1109 
1677 
1120 
1505 
132 
1564 
694 
1449 
77 
557 
1124 
675 
1412 
760 
1176 
310 
287 
826 
484 
1477 
1701 
904 
733 
1389 
1603 
445 
653 
181 
365 
343 
654 
931 
135 
1702 
1308 
1018 
1783 
1154 
831 
579 
402 
1489 
510 
1556 
1177 
1699 
1598 
1182 
177 
983 
1554 
1728 
943 
230 
1496 
488 
819 
898 
222 
1295 
543 
923 
1243 
1279 
1591 
1659 
1413 
857 
424 
1153 
1065 
805 
1762 
9 
850 
1563 
1094 
1271 
1450 
919 
283 
1155 
687 
960 
876 
133 
739 
416 
379 
1666 
492 
321 
290 
159 
1028 
1350 
1338 
661 
1014 
1650 
75 
1570 
979 
1139 
1387 
1118 
1206 
234 
193 
498 
752 
530 
333 
52 
1763 
586 
1481 
1187 
1019 
162 
411 
575 
268 
1196 
31 
314 
795 
353 
1418 
888 
34 
124 
999 
1508 
847 
1696 
1336 
936 
962 
1539 
1270 
1644 
1315 
111 
1123 
182 
1483 
1792 
713 
1358 
1518 
988 
481 
854 
858 
793 
620 
1533 
545 
390 
1363 
1543 
921 
86 
741 
1266 
942 
1468 
1066 
288 
1263 
369 
1665 
1304 
672 
1649 
862 
443 
1085 
1296 
930 
1382 
1516 
1395 
1226 
514 
1716 
698 
123 
1245 
252 
454 
1383 
1662 
951 
1497 
1504 
905 
1273 
480 
291 
1427 
468 
1004 
455 
1260 
44 
824 
1577 
1525 
1793 
1798 
