1 
183 
1503 
1142 
1186 
961 
993 
54 
1104 
1725 
706 
1063 
1378 
39 
615 
1055 
758 
169 
1440 
1220 
359 
1276 
1096 
1200 
1747 
553 
845 
140 
730 
85 
1366 
1364 
863 
205 
1257 
1585 
194 
681 
743 
927 
66 
1502 
1774 
204 
454 
252 
1245 
1168 
457 
335 
527 
374 
1147 
217 
953 
874 
550 
469 
1681 
1087 
742 
1162 
765 
1497 
969 
1765 
1194 
1251 
322 
219 
1203 
859 
1670 
1202 
995 
690 
1367 
1054 
417 
1794 
487 
395 
351 
1571 
996 
1625 
1754 
1180 
406 
1093 
844 
1464 
87 
1420 
1249 
601 
97 
172 
1536 
915 
1204 
745 
320 
770 
877 
223 
1227 
810 
1461 
1157 
657 
899 
881 
69 
236 
551 
1009 
542 
1506 
1463 
1023 
1129 
1551 
1469 
1608 
196 
51 
362 
1755 
658 
94 
150 
869 
1557 
611 
373 
766 
562 
1379 
815 
1605 
1027 
709 
963 
814 
386 
1640 
1562 
1706 
645 
463 
391 
941 
1173 
1579 
1500 
1101 
1704 
96 
1752 
1617 
652 
787 
392 
209 
981 
412 
244 
791 
1456 
1628 
1453 
1750 
614 
836 
1272 
731 
95 
448 
762 
1327 
136 
1185 
1247 
728 
1708 
1052 
1757 
419 
1075 
1542 
1370 
1476 
493 
1164 
561 
835 
302 
266 
263 
30 
340 
1632 
272 
891 
337 
965 
1302 
779 
1726 
1566 
405 
903 
1256 
79 
940 
1119 
616 
1372 
896 
1184 
1303 
1572 
1300 
375 
692 
723 
1773 
589 
356 
472 
106 
1125 
1769 
1790 
1480 
590 
1144 
1095 
1021 
72 
1437 
1365 
1161 
700 
1388 
693 
117 
347 
1743 
1115 
1698 
23 
864 
325 
1031 
40 
1733 
226 
502 
1175 
1785 
548 
1764 
1230 
1001 
119 
641 
1086 
720 
1782 
1151 
1209 
383 
1547 
1494 
1091 
418 
303 
1150 
855 
1158 
651 
676 
1343 
4 
880 
607 
1133 
1274 
573 
1475 
245 
64 
1394 
466 
1056 
1000 
1330 
1415 
1448 
497 
1361 
1648 
394 
1546 
610 
1353 
1478 
637 
1691 
1231 
827 
1532 
1146 
555 
1537 
304 
1519 
740 
246 
992 
1140 
1421 
138 
578 
909 
1235 
818 
1044 
722 
1604 
1346 
1484 
922 
852 
1114 
594 
1668 
1410 
1759 
1316 
36 
1615 
1079 
180 
1334 
1047 
1693 
1117 
37 
1438 
1042 
1289 
377 
1561 
902 
1335 
1558 
1033 
317 
145 
212 
716 
197 
604 
1375 
1521 
195 
1565 
250 
1424 
1011 
1362 
648 
1522 
990 
354 
695 
1479 
192 
1181 
53 
901 
577 
1032 
227 
451 
1397 
1197 
1314 
804 
372 
1284 
1064 
1439 
1267 
165 
1121 
780 
1275 
1281 
773 
1491 
912 
572 
828 
1318 
380 
47 
957 
1376 
461 
305 
1319 
459 
1105 
970 
260 
261 
564 
1160 
108 
1686 
892 
714 
989 
1671 
1531 
861 
426 
1458 
1471 
490 
794 
407 
576 
401 
1545 
1587 
1771 
11 
1317 
1345 
797 
389 
1550 
767 
88 
1730 
160 
1089 
533 
1113 
1039 
56 
608 
1721 
597 
202 
924 
1373 
105 
147 
1244 
168 
1602 
1780 
1400 
415 
1402 
800 
972 
879 
367 
1466 
596 
308 
332 
1076 
427 
20 
540 
247 
521 
689 
635 
1103 
894 
655 
935 
1217 
294 
1549 
932 
1411 
32 
786 
660 
1071 
494 
834 
549 
606 
435 
1635 
518 
1795 
717 
1766 
1797 
1026 
1294 
215 
1100 
63 
1433 
201 
1647 
26 
1611 
639 
529 
726 
1592 
1003 
216 
712 
1050 
1088 
1233 
1784 
396 
1190 
1253 
134 
315 
1664 
1277 
174 
1007 
846 
203 
971 
1332 
1290 
1428 
516 
506 
668 
1084 
1408 
574 
1236 
1061 
799 
670 
131 
1599 
17 
1588 
621 
200 
475 
456 
10 
769 
482 
566 
1658 
796 
567 
1772 
1110 
1299 
1134 
697 
1738 
410 
207 
558 
1213 
1223 
1040 
928 
1035 
453 
1043 
1637 
1736 
258 
816 
18 
241 
126 
1636 
1643 
1287 
1374 
1735 
125 
771 
82 
1614 
171 
946 
397 
1746 
224 
229 
889 
1621 
342 
1138 
704 
129 
1552 
1020 
438 
1097 
982 
703 
1633 
270 
1210 
1416 
1238 
587 
1673 
1775 
1529 
1201 
49 
238 
1351 
1392 
239 
1465 
1593 
1242 
491 
613 
756 
292 
788 
1776 
176 
114 
718 
1530 
978 
696 
964 
1108 
1111 
1716 
698 
930 
1382 
1554 
1728 
943 
230 
1496 
488 
819 
898 
222 
1295 
543 
1279 
923 
1243 
620 
1518 
988 
481 
854 
858 
793 
1603 
1389 
733 
904 
1701 
235 
1445 
287 
483 
599 
277 
1462 
702 
382 
643 
1356 
1748 
468 
442 
1259 
178 
1749 
1013 
840 
403 
1219 
312 
789 
511 
1682 
1218 
749 
1426 
1171 
1067 
580 
1368 
1234 
1517 
231 
1005 
285 
157 
387 
812 
27 
189 
667 
306 
560 
1427 
291 
480 
1273 
135 
1702 
1308 
1598 
1699 
177 
1182 
1504 
905 
654 
931 
343 
365 
181 
445 
653 
271 
485 
1215 
1629 
734 
870 
1246 
914 
1645 
399 
1718 
92 
477 
409 
1102 
505 
750 
1568 
1582 
416 
739 
133 
321 
876 
960 
687 
1155 
283 
1271 
1450 
919 
443 
1563 
1094 
850 
9 
1762 
805 
390 
1363 
545 
1533 
1659 
1591 
1413 
857 
424 
1153 
1065 
1543 
921 
86 
741 
1266 
942 
1468 
1066 
288 
1263 
369 
1665 
1304 
672 
1649 
862 
1085 
1296 
1516 
1395 
1226 
983 
951 
514 
123 
1662 
1383 
1756 
1423 
1069 
1715 
1060 
1074 
772 
873 
1555 
218 
671 
458 
588 
1399 
50 
58 
206 
1174 
471 
275 
984 
1331 
328 
284 
1630 
885 
682 
1037 
1237 
808 
19 
790 
711 
1309 
1012 
297 
624 
1169 
1073 
1148 
1166 
1432 
1713 
1620 
1594 
163 
1616 
1680 
1333 
25 
80 
525 
116 
1741 
708 
581 
1520 
751 
16 
1195 
746 
757 
149 
954 
1283 
532 
1419 
893 
293 
1788 
1008 
170 
1446 
1357 
1742 
1796 
950 
329 
674 
1126 
1523 
1655 
517 
499 
1344 
29 
685 
1282 
600 
1758 
1760 
1211 
546 
1510 
220 
1207 
393 
167 
1768 
98 
1679 
309 
299 
710 
1355 
1403 
1612 
938 
1457 
262 
1024 
55 
349 
187 
1787 
512 
243 
99 
1781 
93 
683 
1347 
592 
830 
45 
659 
41 
155 
348 
70 
647 
1727 
1634 
7 
414 
1081 
449 
363 
33 
35 
1216 
538 
736 
316 
1486 
430 
1485 
1348 
1122 
191 
1252 
536 
1156 
947 
370 
1380 
875 
251 
699 
1278 
803 
1487 
84 
48 
173 
1381 
175 
1291 
866 
1072 
248 
809 
872 
62 
256 
997 
43 
352 
917 
1241 
1046 
1240 
725 
73 
1627 
598 
15 
1106 
90 
259 
1025 
1527 
1507 
437 
1188 
929 
1556 
1177 
510 
1489 
402 
579 
831 
1154 
1018 
1783 
934 
1435 
1326 
839 
462 
1501 
1601 
1143 
1538 
1393 
71 
1324 
973 
1163 
623 
21 
974 
626 
933 
331 
1596 
1112 
153 
242 
208 
279 
707 
298 
829 
617 
83 
1141 
334 
644 
878 
1499 
986 
583 
1642 
158 
295 
630 
1652 
784 
1723 
985 
267 
1107 
1597 
568 
1744 
1714 
871 
833 
559 
603 
1493 
350 
1574 
1567 
977 
232 
1753 
618 
1205 
939 
1396 
1498 
1688 
422 
228 
1199 
1638 
1116 
1623 
1359 
753 
747 
619 
144 
1610 
821 
433 
980 
593 
1360 
781 
1705 
684 
701 
1325 
634 
1429 
1583 
425 
142 
848 
925 
240 
1337 
1262 
289 
188 
1391 
1656 
1590 
13 
907 
900 
759 
806 
677 
1512 
860 
1492 
1305 
164 
1622 
955 
313 
1525 
865 
210 
1293 
908 
911 
1178 
319 
886 
636 
478 
360 
130 
520 
450 
1607 
1062 
1127 
1045 
1584 
12 
1268 
507 
629 
820 
156 
1624 
1559 
1131 
631 
1193 
1761 
662 
1386 
42 
958 
754 
544 
1675 
264 
1261 
253 
330 
22 
38 
1509 
1739 
976 
1038 
112 
1301 
273 
1255 
975 
1524 
1422 
1687 
361 
1269 
1482 
679 
633 
867 
146 
139 
1689 
1224 
1135 
1192 
792 
732 
286 
504 
1034 
1495 
890 
368 
326 
552 
1264 
1390 
345 
385 
584 
1431 
1470 
118 
1258 
1683 
1322 
625 
1786 
744 
400 
1425 
1528 
376 
1179 
1248 
1208 
1609 
1641 
501 
605 
856 
1369 
528 
1436 
1041 
776 
120 
998 
1548 
1710 
91 
609 
127 
1170 
760 
339 
1051 
1053 
895 
823 
673 
1176 
843 
1254 
467 
1401 
570 
100 
1459 
1703 
1553 
649 
1080 
650 
1354 
1661 
107 
1576 
666 
307 
68 
547 
5 
1048 
465 
1779 
336 
408 
1460 
1002 
967 
515 
628 
1751 
179 
1667 
853 
713 
1358 
1792 
182 
1483 
492 
1666 
379 
290 
1123 
159 
1028 
1387 
1139 
979 
1570 
75 
1650 
1014 
1338 
661 
1350 
452 
185 
81 
1513 
186 
1118 
234 
1206 
193 
498 
752 
530 
333 
52 
1793 
162 
1187 
1019 
1481 
1763 
586 
1651 
254 
269 
918 
1692 
464 
811 
535 
1644 
897 
1313 
1732 
1340 
783 
357 
642 
1511 
656 
1341 
101 
428 
1707 
1595 
1434 
719 
1581 
1676 
916 
763 
413 
1417 
1130 
595 
404 
1454 
798 
622 
952 
1734 
509 
513 
569 
355 
688 
1159 
582 
1406 
910 
398 
524 
534 
1092 
1377 
824 
1577 
44 
1477 
484 
826 
310 
1371 
24 
1004 
455 
1260 
237 
883 
678 
632 
1022 
281 
1653 
447 
199 
729 
1451 
1443 
276 
519 
802 
3 
1569 
822 
1132 
1049 
503 
489 
1298 
522 
104 
1212 
1442 
1619 
486 
1712 
1767 
388 
1663 
8 
585 
122 
906 
1152 
1441 
61 
423 
1737 
968 
249 
233 
1342 
837 
966 
141 
1036 
221 
1280 
1488 
638 
166 
1606 
1613 
1678 
1288 
495 
1672 
602 
440 
691 
327 
1229 
665 
1090 
59 
1777 
1722 
137 
1250 
1228 
184 
371 
1189 
1172 
1717 
1694 
1221 
738 
57 
1639 
1541 
1232 
1657 
1674 
1409 
152 
1167 
432 
1265 
1631 
994 
715 
1149 
1778 
556 
154 
1398 
225 
6 
1183 
1573 
1690 
1015 
508 
378 
1580 
1473 
813 
113 
111 
1412 
675 
77 
694 
1449 
1564 
300 
1124 
557 
1385 
1029 
476 
1352 
1467 
76 
847 
888 
1418 
353 
795 
314 
31 
1196 
575 
268 
124 
34 
999 
1508 
1740 
801 
1078 
1578 
143 
663 
1059 
1526 
705 
1430 
1225 
151 
1165 
318 
724 
2 
441 
323 
214 
1660 
849 
324 
420 
937 
838 
1618 
1214 
1128 
1709 
500 
1017 
364 
926 
1057 
1010 
257 
1222 
778 
1455 
774 
446 
301 
1720 
460 
148 
782 
761 
868 
1414 
431 
1654 
1695 
721 
727 
366 
384 
944 
991 
1070 
748 
479 
109 
1307 
1731 
211 
887 
110 
1770 
1589 
842 
531 
60 
825 
103 
777 
945 
669 
1285 
882 
421 
1030 
128 
213 
344 
1669 
1719 
832 
1452 
1474 
1145 
198 
28 
1321 
280 
526 
768 
646 
537 
1016 
523 
913 
1447 
1058 
358 
1068 
436 
1789 
563 
1700 
1505 
539 
444 
554 
89 
282 
1323 
735 
956 
65 
1349 
1083 
1191 
473 
640 
296 
1729 
1697 
1006 
884 
78 
338 
1514 
775 
1515 
102 
1444 
1685 
1136 
46 
1711 
278 
1286 
1600 
959 
1586 
311 
591 
121 
948 
1109 
1677 
1120 
132 
1745 
1297 
1384 
346 
255 
1534 
962 
936 
1539 
1270 
1315 
1336 
1696 
411 
1312 
1329 
115 
1560 
1137 
1077 
1544 
1472 
1098 
680 
14 
1082 
1306 
949 
1310 
565 
841 
1791 
1575 
785 
1540 
434 
851 
1311 
541 
1490 
807 
1099 
1292 
755 
1684 
1626 
1239 
1646 
764 
1724 
1198 
664 
381 
1320 
74 
1407 
67 
920 
496 
817 
1535 
1339 
987 
1328 
1404 
274 
429 
612 
341 
470 
686 
190 
627 
737 
439 
265 
1405 
571 
161 
474 
1798 
