[(8461, 1.0689575672149658)]
[(45, 0.25690388679504395)]
[(114, 0.26883697509765625)]
[(83, 0.25984621047973633)]
[(73, 0.25687551498413086)]
[(89, 0.294161319732666)]
[(89, 0.2752225399017334)]
[(27, 0.25980615615844727)]
[(114, 0.25836682319641113)]
[(63, 0.26620936393737793)]
[(63, 0.25760793685913086)]
[(27, 0.259674072265625)]
[(73, 0.25620388984680176)]
[(114, 0.2599031925201416)]
[(72, 0.2612011432647705)]
[(8461, 1.1526751518249512)]
[(27, 0.25623321533203125)]
[(61, 0.259929895401001)]
[(4759, 0.45446300506591797)]
[(2028, 0.32122802734375)]
[(4407, 0.41205668449401855), (4376, 14.41381573677063), (4360, 23.384705066680908)]
[(2846, 0.3787961006164551)]
[(1945, 0.27911925315856934), (1915, 7.256831169128418)]
