3 
4 
5 
7 
8 
9 
10 
13 
14 
15 
17 
18 
20 
22 
23 
25 
28 
31 
33 
36 
39 
40 
44 
48 
49 
55 
57 
59 
60 
62 
63 
64 
66 
70 
71 
72 
77 
78 
79 
80 
82 
83 
85 
87 
88 
90 
91 
97 
98 
110 
113 
114 
115 
116 
117 
119 
122 
123 
126 
127 
128 
129 
134 
135 
136 
139 
141 
143 
146 
148 
151 
153 
154 
155 
157 
158 
160 
163 
167 
169 
170 
172 
174 
176 
179 
181 
183 
184 
185 
188 
189 
193 
194 
196 
197 
198 
200 
201 
204 
205 
210 
214 
218 
219 
220 
222 
225 
229 
230 
231 
235 
236 
240 
242 
248 
251 
253 
254 
255 
259 
264 
267 
268 
271 
272 
273 
274 
275 
276 
277 
279 
280 
281 
283 
293 
295 
297 
298 
299 
300 
304 
310 
313 
314 
315 
316 
317 
321 
322 
323 
326 
327 
328 
334 
340 
342 
345 
349 
350 
354 
355 
358 
359 
360 
361 
364 
365 
367 
368 
370 
371 
372 
373 
374 
375 
378 
379 
380 
382 
387 
388 
390 
392 
393 
395 
397 
398 
400 
401 
403 
405 
406 
408 
414 
415 
418 
420 
421 
422 
426 
427 
428 
429 
433 
438 
439 
440 
442 
443 
444 
446 
447 
448 
449 
451 
454 
457 
458 
462 
463 
464 
471 
