1 
2 
6 
11 
12 
16 
19 
21 
24 
26 
27 
29 
30 
32 
34 
35 
37 
38 
41 
42 
43 
45 
46 
47 
50 
51 
52 
53 
54 
56 
58 
61 
65 
67 
68 
69 
73 
74 
75 
76 
81 
84 
86 
89 
92 
93 
94 
95 
96 
99 
100 
101 
102 
103 
104 
105 
106 
107 
108 
109 
111 
112 
118 
120 
121 
124 
125 
130 
131 
132 
133 
137 
138 
140 
142 
144 
145 
147 
149 
150 
152 
156 
159 
161 
162 
164 
165 
166 
168 
171 
173 
175 
177 
178 
180 
182 
186 
187 
190 
191 
192 
195 
199 
202 
203 
206 
207 
208 
209 
211 
212 
213 
215 
216 
217 
221 
223 
224 
226 
227 
228 
232 
233 
234 
237 
238 
239 
241 
243 
244 
245 
246 
247 
249 
250 
252 
256 
257 
258 
260 
261 
262 
263 
265 
266 
269 
270 
278 
282 
284 
285 
286 
287 
288 
289 
290 
291 
292 
294 
296 
301 
302 
303 
305 
306 
307 
308 
309 
311 
312 
318 
319 
320 
324 
325 
329 
330 
331 
332 
333 
335 
336 
337 
338 
339 
341 
343 
344 
346 
347 
348 
351 
352 
353 
356 
357 
362 
363 
366 
369 
376 
377 
381 
383 
384 
385 
386 
389 
391 
394 
396 
399 
402 
404 
407 
409 
410 
411 
412 
413 
416 
417 
419 
423 
424 
425 
430 
431 
432 
434 
435 
436 
437 
441 
445 
450 
452 
453 
455 
456 
459 
460 
461 
465 
466 
467 
468 
469 
470 
472 
1312 
